85.86 95.61
41.07 47.77
41.28 36.95
40.01 89.10
99.91 53.61
32.08 72.85
6.34 40.53
17.12 94.20
73.88 10.27
66.21 92.18
57.84 25.57
61.49 17.43
21.67 26.20
0.41 27.07
30.45 63.77
41.31 74.36
59.71 5.34
28.72 79.85
5.37 33.29
23.63 92.90
68.05 17.87
8.46 27.17
83.81 13.24
21.16 73.16
3.48 32.51
38.69 20.16
38.82 88.66
3.64 6.97
65.53 92.39
68.05 38.92
96.88 63.06
14.75 94.36
46.21 81.21
29.28 56.45
7.56 77.78
59.28 67.32
6.92 37.98
81.56 40.89
50.35 76.68
82.62 18.69
80.96 70.17
20.27 89.05
68.02 22.20
32.35 40.37
3.02 73.56
82.90 24.64
56.95 97.43
36.15 65.50
2.78 89.88
11.01 65.86
34.16 30.66
2.27 23.96
20.89 98.38
3.23 0.73
98.47 9.70
71.91 81.86
69.29 12.05
63.95 33.52
62.00 13.35
54.58 47.27
19.58 88.67
45.42 59.00
94.71 32.18
2.87 30.22
41.36 95.54
95.02 72.26
49.38 74.69
50.78 39.43
7.73 65.05
51.76 62.19
12.60 47.79
23.94 0.90
18.53 20.29
15.39 82.75
98.61 86.26
73.28 25.07
74.99 87.65
32.83 2.03
39.98 85.55
77.33 83.31
39.10 57.01
69.25 58.95
74.77 38.99
89.11 96.55
48.97 14.73
21.61 61.40
44.41 94.08
53.56 65.15
61.68 28.18
87.72 58.07
41.68 99.70
53.46 32.67
8.05 48.66
25.53 28.67
47.20 82.46
28.81 21.30
31.98 39.78
29.72 0.82
23.96 45.58
38.12 42.72
