90.11 94.93
64.43 5.72
83.33 94.40
62.21 35.49
7.11 34.26
11.27 63.55
72.65 59.97
16.85 34.81
18.20 29.90
4.86 43.04
46.28 91.21
27.54 4.12
62.72 63.62
50.62 15.06
59.47 75.88
48.96 21.94
50.03 36.02
75.99 1.48
39.14 75.03
88.60 58.75
79.54 24.52
78.23 14.33
14.58 22.47
86.45 95.74
33.84 12.39
40.82 2.40
36.80 67.75
51.03 74.64
49.55 25.20
74.14 51.80
25.19 99.02
45.51 89.72
16.25 12.28
55.21 13.08
63.80 62.39
99.73 38.39
69.32 32.00
21.09 28.03
27.31 19.48
46.46 77.38
13.58 73.70
51.84 80.06
22.50 12.96
76.67 55.32
84.19 81.85
89.00 92.40
36.44 14.45
52.26 96.89
4.42 50.91
99.33 70.22
48.54 93.17
84.90 55.57
87.83 22.95
39.03 95.54
52.09 21.00
57.68 10.45
87.89 84.45
84.72 76.48
37.68 69.86
99.83 46.40
8.40 96.71
36.26 9.04
82.53 78.38
73.94 55.77
41.91 41.86
24.96 79.95
82.75 52.16
80.18 96.98
48.36 99.34
54.64 63.52
31.06 20.45
56.10 84.35
48.01 40.65
0.97 78.95
3.99 2.98
66.45 72.11
54.60 27.51
52.73 44.40
15.53 84.86
88.93 6.95
22.81 55.83
50.30 19.36
28.41 61.23
41.64 86.02
33.81 22.00
47.08 77.91
38.41 43.42
43.62 27.99
87.85 52.21
95.46 48.61
45.39 2.29
4.53 1.80
37.37 4.89
71.33 87.16
42.27 59.85
9.77 36.06
3.25 20.16
37.24 88.52
48.18 77.22
31.17 28.35
13.78 9.49
70.47 84.77
51.33 14.97
91.20 19.50
22.98 53.01
65.45 86.21
83.86 42.74
52.57 11.81
56.25 34.83
81.81 54.59
64.00 64.40
22.33 41.45
19.63 96.04
87.68 22.82
4.14 94.23
79.09 69.77
39.02 45.60
34.62 8.40
40.73 46.00
18.93 27.28
69.00 65.71
28.58 54.39
46.22 55.93
24.77 38.93
54.59 57.54
76.15 49.08
51.90 31.32
94.44 50.64
12.06 93.35
46.81 96.26
17.28 56.17
43.88 67.13
2.77 47.89
63.42 49.98
95.71 24.64
59.02 19.34
39.58 23.53
28.09 4.71
3.35 63.61
84.58 67.13
75.98 98.33
71.11 58.14
64.52 12.37
18.01 4.13
13.93 76.76
24.82 77.01
4.76 97.55
84.99 32.05
71.72 16.11
15.88 34.83
45.89 59.00
26.47 79.38
61.01 1.17
62.51 65.02
76.91 41.15
45.28 52.31
15.63 41.63
87.15 69.91
95.94 52.63
21.43 54.53
59.14 36.66
59.48 40.73
21.41 32.82
99.95 9.77
73.68 67.40
27.06 3.57
20.57 84.69
27.65 96.99
61.19 56.33
68.92 59.79
72.13 89.80
64.67 50.64
90.64 75.70
16.37 59.62
17.78 68.48
83.53 74.14
88.04 32.70
56.92 36.00
8.17 56.36
13.25 35.83
96.77 84.37
65.61 95.85
17.66 44.35
62.30 77.72
49.84 26.66
93.38 96.63
70.50 18.96
88.35 59.63
15.25 8.74
23.18 5.10
60.82 46.23
62.40 1.24
77.06 74.25
75.13 63.28
2.70 34.38
90.13 66.11
18.72 83.05
50.63 89.77
25.82 49.96
59.96 76.95
78.20 68.23
66.03 32.10
8.97 39.99
87.43 44.34
84.60 66.20
26.79 66.84
1.88 52.13
75.57 28.69
4.27 52.46
5.89 2.72
0.96 63.91
13.58 5.60
55.06 37.05
1.06 31.22
94.81 85.16
22.54 66.22
23.56 48.96
23.05 18.49
55.90 80.43
12.47 72.93
6.62 16.43
88.47 16.36
4.76 42.95
57.87 5.17
24.44 20.93
80.89 40.15
6.31 81.19
79.76 13.35
32.66 41.59
40.78 90.14
92.78 52.42
8.67 52.59
73.00 52.68
62.23 22.50
8.93 23.92
17.30 94.14
14.49 51.07
85.56 74.82
62.98 50.66
29.55 8.65
99.82 34.77
74.24 88.26
85.99 38.68
22.13 17.84
3.97 78.52
80.42 56.48
5.99 71.41
43.07 27.54
75.44 66.91
1.75 64.58
0.11 77.17
23.18 19.75
68.29 12.29
22.51 39.93
28.47 18.05
68.11 0.64
13.58 77.02
2.15 82.98
91.37 81.91
4.93 62.12
51.85 59.69
51.94 92.99
43.42 9.32
31.19 95.86
71.02 90.40
74.99 24.44
33.39 77.29
94.82 44.72
55.21 92.83
25.69 69.32
23.50 19.05
26.43 40.90
23.47 3.10
94.93 76.51
1.81 33.43
53.28 73.62
23.61 95.46
39.95 48.69
98.77 37.76
75.16 23.24
24.07 38.59
9.07 62.56
55.79 80.87
88.91 33.25
22.02 86.38
78.45 75.15
65.05 81.65
9.81 22.78
28.03 36.82
73.10 67.05
43.79 13.50
61.00 13.67
39.47 16.58
19.34 24.02
75.45 63.59
19.24 79.86
94.52 30.28
49.48 71.76
1.29 13.85
94.90 50.29
64.85 26.65
63.26 40.56
49.31 80.85
94.85 94.41
29.14 24.35
90.05 96.48
87.70 82.81
2.33 91.93
44.94 21.23
81.94 3.41
17.27 63.83
10.43 97.56
14.11 89.12
22.17 73.48
68.95 90.41
19.01 52.18
17.66 33.13
78.78 7.17
70.91 59.65
53.56 12.19
58.20 20.21
75.83 47.56
44.86 31.37
77.68 28.85
56.35 80.32
22.19 42.67
89.18 98.97
5.35 64.58
16.42 61.90
44.02 94.75
83.95 8.42
47.65 89.18
39.60 58.34
96.63 5.65
64.34 37.21
45.75 63.45
90.81 19.12
80.40 63.86
29.68 86.85
81.01 3.48
78.88 99.07
85.15 24.97
33.03 71.59
81.43 21.64
29.27 42.20
54.32 43.50
11.48 99.16
86.64 69.45
12.57 37.24
66.07 39.14
14.68 58.22
34.49 25.06
72.03 76.59
72.01 32.59
1.33 73.84
46.93 30.86
62.85 52.55
46.30 28.12
81.18 20.32
58.84 83.50
11.40 97.44
65.57 24.75
10.72 88.57
78.53 47.53
79.56 19.48
63.67 81.71
5.25 41.31
1.74 72.95
88.28 58.08
54.87 6.58
64.87 74.51
4.02 88.12
19.30 95.19
7.17 15.68
67.13 20.91
56.82 17.57
29.97 27.48
16.59 37.26
54.09 91.99
18.82 4.93
57.34 94.56
33.32 67.87
30.01 7.59
49.68 98.83
2.92 91.92
87.70 41.97
62.05 80.30
98.56 82.15
98.85 43.38
82.20 89.91
36.65 58.44
36.97 13.61
51.53 2.90
46.71 1.76
0.95 72.88
65.01 71.40
11.56 5.10
22.41 63.10
29.13 7.91
46.65 84.83
81.37 91.23
91.27 17.82
3.01 13.03
16.43 16.95
44.91 97.90
50.39 14.30
0.13 70.70
55.61 69.73
92.19 40.87
15.45 49.95
13.46 78.77
7.91 70.39
71.98 69.31
29.56 79.09
61.61 44.45
15.86 74.23
49.01 92.51
4.92 71.83
41.82 56.15
81.33 58.27
26.02 34.23
71.49 55.86
26.14 91.56
78.01 84.92
85.51 36.33
76.65 93.70
96.52 42.25
49.81 65.16
39.81 44.11
55.37 15.77
70.84 59.71
49.87 65.57
33.40 15.19
2.60 40.14
38.65 77.90
24.93 6.22
35.63 85.23
78.19 40.44
8.51 91.50
47.63 55.50
6.08 9.27
65.81 48.43
42.31 5.75
78.15 61.31
81.71 65.17
48.56 21.24
34.08 86.24
31.53 94.31
47.12 75.33
36.34 59.79
31.05 45.56
79.97 42.23
64.58 15.75
87.53 24.03
33.67 84.02
11.04 84.71
78.09 36.51
20.48 41.03
19.34 10.07
27.59 67.71
45.16 48.34
35.63 65.56
62.81 94.63
93.51 1.26
98.03 37.86
97.24 94.80
97.51 97.09
65.26 33.49
47.80 88.86
47.63 7.81
6.66 3.23
5.78 80.79
79.72 39.37
12.16 3.74
18.54 27.06
13.99 50.53
31.19 2.57
77.14 89.67
45.40 35.76
44.86 69.22
39.31 4.62
16.59 66.07
7.61 80.10
50.42 30.12
38.01 45.23
92.19 40.56
89.65 24.12
35.38 81.67
83.60 41.07
90.43 93.25
26.25 39.69
42.55 91.31
71.53 78.99
71.43 47.61
83.70 54.98
26.52 7.86
61.80 93.65
45.98 90.54
21.07 21.04
10.63 6.98
11.40 10.11
82.54 28.39
53.51 65.27
39.76 88.57
38.43 65.97
88.92 81.14
36.86 27.74
31.81 31.30
3.03 91.09
86.00 19.24
60.55 86.07
76.14 49.60
39.51 87.82
35.17 21.26
45.71 93.56
10.56 10.95
73.63 30.62
2.90 96.41
43.90 28.29
94.86 46.07
2.20 17.60
40.82 62.78
97.86 38.26
75.21 26.07
15.23 71.87
90.68 71.21
10.93 66.49
66.03 34.83
85.91 26.45
49.55 76.37
90.49 86.65
1.93 2.33
87.03 20.53
13.03 89.68
23.92 78.25
29.21 65.51
44.75 38.96
49.99 79.02
66.67 65.51
99.14 13.51
71.21 50.55
65.66 23.54
96.70 51.26
67.88 24.10
94.00 28.24
95.42 52.28
67.94 31.74
95.05 44.99
24.05 21.78
68.90 78.93
84.97 13.55
30.10 77.23
8.84 40.94
80.52 94.51
73.68 38.95
48.64 58.18
87.45 23.54
78.80 34.64
85.48 2.41
43.95 0.11
25.98 41.81
31.13 19.83
22.53 22.70
35.40 32.30
71.00 25.87
62.01 50.68
18.43 4.04
83.92 61.55
33.03 27.19
60.25 8.98
56.04 97.39
0.47 81.00
63.42 18.45
49.38 80.80
66.82 39.60
77.03 75.68
5.01 3.50
70.07 33.31
92.65 53.26
93.82 16.74
99.30 94.00
77.80 3.11
11.52 86.62
42.48 12.12
90.08 11.67
35.24 72.60
48.12 62.36
18.53 13.45
31.64 40.98
56.25 70.01
92.51 31.49
51.76 93.00
40.58 38.21
40.90 86.00
86.26 55.63
32.64 49.84
92.82 74.56
37.62 90.27
61.91 59.58
5.12 90.92
20.65 25.02
18.86 37.38
60.11 87.85
30.88 54.68
47.93 96.35
81.98 97.84
74.81 26.43
42.73 31.43
62.25 94.29
78.45 10.28
41.17 14.27
57.88 55.93
15.88 58.69
97.01 67.76
86.15 61.88
78.09 53.51
99.89 91.55
80.97 2.95
3.72 34.09
8.39 1.20
54.31 65.43
78.43 54.22
7.51 19.68
15.69 40.15
55.63 84.58
76.64 25.47
46.79 8.01
21.84 41.91
40.77 24.42
67.93 59.26
59.50 98.27
86.39 36.17
94.70 25.33
55.99 25.73
60.53 75.06
89.82 57.85
45.78 46.94
0.98 34.45
20.47 21.62
82.74 62.92
36.07 24.99
25.16 61.63
84.53 97.03
85.75 70.88
25.30 53.26
50.82 81.05
76.00 26.48
91.78 37.28
78.19 2.78
60.48 29.76
15.70 7.04
88.62 42.54
96.45 84.58
31.59 72.49
38.77 24.30
2.02 88.38
12.21 42.59
91.62 45.17
88.99 78.09
19.70 87.75
32.59 46.54
28.25 69.47
74.44 74.39
72.52 96.07
5.08 30.08
39.59 93.06
19.54 29.38
52.92 3.44
20.64 77.41
23.48 41.49
0.90 0.74
44.02 12.40
3.68 37.70
68.57 90.67
75.90 87.72
33.00 7.55
47.18 58.74
73.80 57.73
46.64 34.64
59.84 42.82
97.64 0.97
96.83 13.14
60.14 39.07
2.74 83.13
97.23 80.05
29.70 32.92
86.52 57.26
45.50 53.85
0.46 82.75
36.53 17.80
81.98 97.37
47.88 91.84
50.03 57.43
97.38 3.61
8.11 15.78
77.31 77.12
46.53 5.49
75.45 1.36
79.10 3.33
43.77 33.06
19.44 98.26
61.26 39.58
0.24 81.66
16.10 30.55
78.62 45.61
11.33 25.90
30.25 66.26
63.55 78.46
30.19 33.01
9.82 1.66
49.97 19.43
21.47 51.10
52.26 95.69
2.32 28.88
9.74 79.25
55.31 75.51
10.85 70.31
59.93 16.98
82.95 89.66
31.58 57.87
54.39 19.93
1.58 10.71
41.52 80.99
7.95 81.89
82.47 98.73
83.95 79.75
95.62 32.31
35.42 49.36
39.81 70.62
54.16 23.10
17.16 1.68
43.04 83.40
0.84 79.96
11.00 47.78
17.56 85.03
66.22 97.07
86.10 37.89
60.21 13.29
82.57 59.47
44.64 15.64
57.46 99.54
94.06 68.95
99.37 79.72
88.20 33.88
37.92 59.54
43.08 94.51
33.24 65.83
43.27 72.14
38.92 41.91
36.72 19.17
14.42 28.43
16.34 51.38
38.31 15.85
46.68 23.27
95.92 56.66
64.73 30.88
95.14 22.11
76.23 92.33
77.06 44.76
57.02 29.89
61.46 78.90
34.63 71.27
18.75 13.20
72.17 25.75
68.16 17.86
20.14 92.95
91.81 1.83
58.01 46.14
1.43 87.79
96.61 10.60
55.68 53.06
74.28 23.44
6.67 51.37
52.88 16.49
35.40 85.69
4.50 13.52
28.48 50.05
38.85 69.21
5.31 21.44
1.93 34.27
78.10 50.75
73.70 60.03
2.45 47.73
67.71 93.65
50.43 20.16
82.68 70.03
85.89 7.91
68.81 99.16
36.72 43.02
72.40 85.69
35.23 47.89
54.90 27.42
66.66 39.79
42.19 95.02
71.37 47.49
10.09 17.49
34.47 21.28
3.70 7.86
59.10 93.33
87.60 79.65
79.92 50.01
6.82 81.90
60.30 52.60
87.88 60.68
1.40 81.47
58.63 52.97
41.48 61.28
58.45 89.96
27.21 95.30
29.99 90.16
81.36 35.20
90.52 23.23
9.36 71.73
33.97 76.48
78.59 18.62
28.69 19.25
29.41 58.44
91.74 95.75
49.27 21.25
47.02 9.81
83.08 97.88
67.05 74.09
45.07 49.37
41.33 69.88
28.44 2.81
2.78 33.64
56.03 5.03
35.36 49.18
29.80 29.73
59.55 87.70
88.41 23.38
91.46 81.44
85.99 40.55
71.33 59.94
20.50 8.16
38.46 67.22
38.22 51.19
32.51 4.71
27.86 56.08
71.43 40.72
77.71 79.59
96.84 9.78
13.05 13.96
0.67 22.91
14.47 90.06
75.59 65.27
6.08 54.86
3.56 97.24
2.51 61.71
38.56 70.80
21.59 8.99
63.91 28.72
46.55 48.25
2.81 61.12
22.79 90.33
86.00 55.84
1.13 42.94
93.12 73.63
87.69 75.16
72.40 28.95
14.02 5.89
59.67 8.20
68.21 73.09
65.83 12.84
98.18 16.30
16.66 59.76
88.37 90.93
4.54 91.53
99.42 5.62
51.55 17.67
12.50 12.73
31.90 87.30
24.34 91.96
18.97 7.21
20.84 18.93
38.42 94.81
10.38 37.98
10.53 86.51
59.34 34.85
54.52 54.16
26.24 38.97
3.33 91.30
76.92 75.09
93.08 50.46
85.73 98.66
77.13 71.06
19.91 29.20
35.43 28.34
88.44 99.31
60.74 33.66
6.14 62.20
99.76 70.94
22.66 30.18
14.25 43.89
41.25 88.73
38.17 2.42
25.16 64.11
77.42 46.75
54.70 58.39
34.13 31.71
89.93 54.59
10.56 99.15
11.67 1.18
24.43 88.75
23.10 16.93
34.48 76.99
26.41 22.83
66.67 75.79
21.89 46.80
47.55 2.05
69.23 59.34
67.05 77.81
47.38 75.24
44.92 97.98
50.37 45.01
69.99 0.42
78.67 98.54
77.49 66.74
64.54 53.21
54.94 34.90
97.21 69.68
72.54 47.04
14.18 50.76
43.96 55.68
89.70 55.21
25.88 21.71
69.21 70.25
10.38 16.23
41.79 53.26
30.20 74.37
91.61 43.95
36.20 14.90
91.08 23.58
67.41 70.53
26.84 51.73
6.32 63.53
99.42 36.85
66.43 33.64
83.97 21.06
27.36 79.75
32.92 95.37
64.69 33.33
5.63 36.31
89.23 7.13
40.86 38.99
49.32 45.31
20.24 48.66
77.85 4.38
13.18 58.53
83.12 13.09
33.58 33.88
16.68 43.23
3.20 85.67
37.51 79.89
57.01 39.22
3.99 7.92
45.30 36.78
46.37 96.70
50.94 66.21
10.50 12.57
86.16 5.45
86.44 61.40
13.00 5.20
32.12 14.74
35.05 28.52
21.75 1.41
11.18 86.26
96.90 61.21
63.24 80.90
4.06 63.07
26.21 99.07
10.47 28.28
58.92 59.14
18.28 72.13
46.43 19.14
24.37 44.93
33.99 70.08
98.55 98.85
35.79 34.26
86.13 63.06
90.46 75.64
11.79 99.42
8.23 44.39
71.49 67.18
88.04 24.97
79.79 84.66
44.70 42.96
26.40 5.57
3.98 68.26
58.87 66.28
21.18 66.93
62.17 98.34
53.80 73.89
23.90 98.77
64.92 93.85
58.71 8.93
53.68 5.34
30.31 1.04
92.36 61.96
39.67 86.30
